---
maxVel: 45.0
maxAccel: 40.0
maxAngVel: 3.141592653589793
maxAngAccel: 3.141592653589793
robotLength: 16.0
robotWidth: 20.0
driveType: "MECANUM"
trackWidth: 12.0
wheelBase: 11.0
lateralMultiplier: 1.0
