---
startPose:
  x: -29.0
  y: -22.0
  heading: 1.5707963267948966
startTangent: 0.0
waypoints:
- position:
    x: 12.0
    y: -37.0
  heading: 3.141592653589793
  tangent: 0.0
  interpolationType: "LINEAR"
resolution: 0.25
version: 1
