---
startPose:
  x: 12.0
  y: -50.0
  heading: 3.141592653589793
startTangent: 3.141592653589793
waypoints:
- position:
    x: -29.0
    y: -22.0
  heading: 1.5707963267948966
  tangent: 3.141592653589793
  interpolationType: "LINEAR"
resolution: 0.25
version: 1
