---
startPose:
  x: 12.0
  y: -37.0
  heading: 3.141592653589793
startTangent: 3.141592653589793
waypoints:
- position:
    x: -4.0
    y: -37.0
  heading: 0.0
  tangent: 3.141592653589793
  interpolationType: "LINEAR"
resolution: 0.25
version: 1
